3 10 49 153 176 206 213 262 278 285 301 308 371 411 608 624 718 736 752 759 793 845 
15 34 49 56 117 193 218 254 261 268 313 371 406 413 446 453 512 519 562 614 658 673 680 736 770 777 848 
38 47 65 104 121 227 244 278 285 297 304 319 346 353 360 367 382 419 440 489 496 511 591 609 629 649 698 705 749 765 772 
30 81 96 106 129 146 192 220 329 424 490 643 714 759 809 832 
29 58 78 103 130 149 259 266 405 420 450 554 570 585 630 665 714 729 
3 88 95 110 205 255 333 351 488 512 519 578 604 612 633 640 670 705 713 720 771 779 
19 155 202 217 224 236 284 340 391 398 419 426 435 454 461 482 566 583 638 645 696 712 736 
155 162 222 304 477 484 527 555 570 585 592 618 625 648 686 755 830 837 860 
2 34 71 136 183 199 242 280 295 304 341 396 461 479 494 501 518 560 567 574 662 705 712 722 729 755 773 809 
20 38 45 74 81 96 129 185 192 264 271 287 294 328 365 372 401 408 415 422 437 562 610 660 755 770 785 827 887 897 
