28
1 2
01
2 4
1100
1010
3 8
00001111
11001010
10010011
4 16
0110101110000101
0010000111111100
0010011100110011
0001101111010010
1 100
1111111111111111111111111111111111111111111111111111111111111111111111111111111111111111111111111111
2 100
1111111111111111111111111111111111111111111111111111111111111111111111111111111111111111111111111111
1111111111111111111111111111111111111111111111111111111111111111111111111111111111111111111111111111
3 100
0000000000000000000000000000000000000000000000000000000000000000000000000000000000000000000000000000
0000000000000000000000000000000000000000000000000000000000000000000000000000000000000000000000000000
1111111111111111111111111111111111111111111111111111111111111111111111111111111111111111111111111111
4 100
1111111111111111111111111111111111111111111111111111111111111111111111111111111111111111111111111111
1111111111111111111111111111111111111111111111111111111111111111111111111111111111111111111111111111
0000000000000000000000000000000000000000000000000000000000000000000000000000000000000000000000000000
0000000000000000000000000000000000000000000000000000000000000000000000000000000000000000000000000000
1 100
0000010010001110001111001000011000110100011000010101000010100101000001000010000001001000100000110001
2 100
1110011111011110011011111100000011101101111111000111110100010000111111101001001011110111111111111011
1111111111111111111111111110001111111111111111111111111111111111110111111101111101011110110111101111
3 100
0000000001000000000010110000000010000100000000000000100001000000000100000000000000000000000000000100
0000000000000000000000000000010000001010100000010000100000100011100000000000000000001000000011010000
0001000001000000000010110000010010000100001011100000101001000100000110001000000011000110000010000001
4 100
0011011000100110011000110000110010000100111001010000111101010001111001101011010110000000111110011011
0011011101101110011010111100110110001110010001011100010111010101111001100011110110000110111110011011
1100100010010001100101000011000001110001001110100010000000101010110110010100001101011001001001100110
0001001000100110011000110000111010000100110001010001111101010001101011100011110010100110010110010011
1 100
1111001010111100101001111011011100111111001011001010010000011000100111011101000110100011111000011110
2 100
1111111111111101011111110111111101111111011011101111101111110111011010110101110011111100111111100000
1111111111111111011111111110010101111111011010001101100110100110111000111001111011111111000111001101
3 100
0000110111011100010101010101100111010110010101001000001100110110101101110111110111101001110000101101
1111001010100011111111101010111000101001101000111011110111011000011010000111011000100111011111011010
0000000010000000010111000000000000101000100001001000001101011000000010000100000000010001000011001010
4 100
0000010001000000011100001001010000100000001100000100010000100101110000100001100010000000101111101101
1111111111111111001011110110111110111011110010111011101110110011111001110001111011111110101011111111
1111101111101111001111110111000111111011100010111011111110101011011000111111001110110101101101111100
0000000100110000001000000000001001101000010000100000000100000101010111001001110011001000101011100010
1 100
1100100100011110011010111100111010001101010110011111111101001111111100011101110000110100110011111011
2 100
0000101010101000001011001010101100110000010001111010011110100100010010111100010000100010110011111100
1110111101010101111100011110100100101111110110010111111001100101110011000011011100110100001110111001
3 100
1111011000001100111111010110101000011010100000110110110111001010111001111100101011110001011010001110
0001000010001010000001101100100001000101110010011001011100111001010111101100110001110101110000010111
1110110010110100011001110001100111111101001000011110101111000010010100000000110000001111000101000000
4 100
1111111101111011111110101100111100001000111111111101110111111001101110011010110111111001110010110111
0000000000101001000100100001011011100111010010001001010011000011000000101001001011000000010100101010
1101110001111000111010101110010001001111100101111011110001110110001100011111110011111010110111011010
1111111101111110111011001100110000101010100111011100101010011000101111001110110110011011101011010011
1 100
1100100110000010111110100011101100001110101101111011110110110001000110000110001111010011001010000111
2 100
1100001111000111101111000010001010010011010110010001110110101111110001011010100000111101000100000000
0000101000000001100100001111010010000010110001010001000000100000110101001101010100100110111100000000
3 100
0110010110011000111011111010011111011100101000010010010100111001100010011110101001001100001110111100
0000000110110101110011010101111100111011100111100011010111010101100101100000000011101111011110001110
0110010010100111100001111101100001111001110000100010011011100010111110010000000001100111010001011011
4 100
0001101100101110110100001110111010100111010011010110010000001000011110010001111100100011001010110011
1110110110111011100001111101001101100101110011110001011101101101111001001110000100000111100001000000
1110001110100101010111111101000101100011010110101001010101011101110101000011100011110000100110000100
1111111010111111110111000001111011011010101001110001100010110100111111100111001100011111011101001010
1 100
0000101100011010110011110101110101101010101011010101100011010111001000100100010110111011101010000010
2 100
1001001010100100110110101101011001110110010000001110101110110000111001000000000110010111010111101001
1001000010001100001110010110001010001111110111110001011010110110010110111101110100011011011011100000
3 100
0101001110010010111111101001111100001010101111011111110101100001101110001100001111000011110011100100
0000001101000000000010001110001101010011111100110100000101101000000100010111100111101111000110000100
1100010110101001101010011010110011110011010110000100110001100011011110010011010011111000000010111111
4 100
1101110111011010110000100011111100010110011000100010100010100001100000010010100101101101111101011110
0011110101100000110011000110111101100001100010001001101001111101011010100010010100111110011001101010
1110010000011101011111111110010000101100110111001111111101111010100111000011011101010001110011111111
0100011011010011011000100110010111010100110101101101000101011011001111111101011110111110100100111100
